1 374
2 374
5 372
7 370
10 368
12 365
14 362
16 359
18 356
19 353
20 350
20 347
21 344
21 341
21 338
22 335
22 332
22 329
22 326
22 323
22 320
22 317
23 314
24 311
25 308
25 305
25 302
25 299
26 296
26 293
26 290
27 287
27 284
28 281
28 278
29 275
29 272
30 269
31 266
32 263
32 260
34 257
34 254
35 251
36 248
36 245
37 242
38 239
40 236
41 233
42 230
44 227
45 224
46 221
47 218
49 215
50 212
52 209
55 207
57 204
59 201
62 199
65 197
68 197
71 196
74 195
77 195
80 195
83 195
85 198
88 200
90 203
92 206
94 209
95 212
98 215
101 217
103 220
104 223
107 226
109 229
111 232
113 235
115 238
117 241
119 244
121 247
123 250
125 253
127 256
130 259
133 262
136 265
139 268
142 270
145 272
148 274
151 276
154 278
157 279
160 280
163 280
166 280
169 279
172 277
175 275
177 272
180 270
182 267
183 264
184 261
186 259
187 256
188 253
190 250
190 247
191 244
192 241
193 238
194 235
196 232
197 229
199 226
200 223
201 220
202 217
204 214
205 211
206 208
206 205
207 202
207 199
208 196
209 193
209 190
210 187
211 184
211 181
212 178
214 175
214 172
215 169
215 166
216 163
217 160
217 157
218 154
219 151
221 148
222 145
222 142
223 139
224 136
225 133
227 130
228 127
230 124
232 121
233 118
235 115
237 112
239 109
241 106
243 104
245 101
248 99
251 98
254 97
257 97
260 97
263 99
266 102
269 105
272 107
275 109
278 111
281 114
283 117
286 120
289 123
291 126
293 129
296 132
299 135
300 138
302 141
304 144
305 147
306 150
306 153
306 156
306 159
306 162
306 165
306 168
306 171
306 174
306 177
306 180
307 183
308 186
308 189
309 192
310 195
312 198
314 201
315 204
318 207
321 210
324 213
327 216
330 219
333 222
336 225
339 227
342 230
344 233
347 235
350 237
353 239
356 240
359 242
362 243
365 245
368 247
371 248
374 248
377 248
380 248
383 248
386 248
389 248
392 248
395 246
398 245
401 243
404 241
407 239
410 237
413 234
416 233
418 230
421 227
424 224
426 222
428 219
430 216
432 213
433 210
434 207
436 204
437 201
439 198
441 195
443 192
444 189
446 186
447 183
449 180
452 177
453 174
454 171
456 168
459 165
461 163
464 161
467 159
470 158
473 157
476 157
479 157
482 157
485 157
488 158
491 160
494 163
497 165
500 168
503 171
505 174
508 177
510 180
512 183
514 186
515 189
517 192
519 195
519 198
520 201
521 204
522 207
524 210
525 213
525 216
525 219
526 222
526 225
526 228
526 231
526 234
527 237
527 240
527 243
527 246
527 249
527 252
527 255
527 258
527 261
527 264
527 267
527 270
527 273
527 276
527 279
527 282
527 285
527 288
527 291
527 294
527 297
527 300
527 303
527 306
528 309
528 312
529 315
530 318
531 321
532 324
535 327
536 330
539 333
542 336
544 339
547 342
550 344
553 346
556 348
559 350
562 352
565 353
568 355
571 356
574 357
577 358
580 359
583 360
586 361
589 362
592 363
595 363
598 364
601 365
604 366
607 367
610 367
613 368
616 368
619 368
622 368
625 368
628 368
631 368
634 368
637 368
640 368
643 369
646 370
649 371
652 371
655 371
658 371