1 34
2 34
5 34
8 34
11 33
14 33
17 33
20 33
23 33
26 33
29 33
32 33
35 34
38 35
41 37
44 38
46 39
48 41
50 42
53 44
55 47
58 49
59 52
62 55
65 58
66 61
68 64
70 67
71 70
71 73
71 76
71 79
71 82
71 85
71 88
71 91
71 94
71 97
71 100
71 103
71 106
71 109
71 112
71 115
71 118
72 121
74 124
75 127
77 130
78 133
80 136
81 139
83 142
85 145
87 148
89 151
91 154
93 157
95 160
97 163
100 166
102 169
104 171
107 173
109 175
112 176
115 177
118 178
121 179
124 180
127 180
130 180
133 180
136 180
139 180
142 180
145 180
148 180
151 180
154 180
157 180
160 180
163 180
166 180
169 180
172 180
175 180
178 180
181 180
184 180
187 180
190 180
193 182
196 183
199 184
202 185
205 187
208 190
211 191
214 194
217 196
220 198
223 200
226 203
229 206
232 208
235 211
238 214
240 217
241 220
242 223
244 226
246 229
247 232
248 235
249 238
249 241
250 244
251 247
251 250
251 253
251 256
252 259
252 262
252 265
252 268
252 271
252 274
252 277
252 280
252 283
252 286
252 289
252 292
253 295
254 298
254 301
256 304
258 307
259 310
261 313
262 316
265 319
267 322
270 325
273 328
276 331
278 334
280 337
283 339
286 341
289 343
292 346
295 348
298 351
301 353
304 355
307 357
310 360
313 361
316 362
319 362
322 363
325 363
328 363
331 363
334 362
337 362
340 361
343 361
346 361
349 361
352 360
355 359
358 358
361 358
364 357
367 356
370 354
373 353
376 351
379 350
382 348
385 346
388 343
391 340
392 337
394 334
397 331
400 328
401 325
403 322
404 319
406 316
409 313
410 310
411 307
412 304
414 301
415 298
416 295
417 292
417 289
417 286
417 283
417 280
417 277
417 274
417 271
417 268
417 265
417 262
418 259
420 256
420 253
421 250
423 247
426 244
428 241
430 238
433 235
436 233
439 231
442 229
445 226
448 225
451 223
454 222
457 221
460 220
463 219
466 218
469 218
472 218
475 217
478 216
481 216
484 216
487 216
490 216
493 216
496 216
499 216
502 217
505 217
508 217
511 218
514 218
517 219
520 220
523 221
526 222
529 223
532 224
535 225
538 226
541 227
544 229
547 230
550 231
553 232
556 233
559 235
561 238
563 241
564 244
565 247
565 250
565 253
565 256
565 259
565 262
565 265
565 268
565 271
565 274
565 277
565 280
565 283
565 286
565 289
565 292
565 295
564 298
564 301
564 304
563 307
563 310
563 313
563 316
563 319
562 322
561 325
561 328
561 331
562 334
563 337
564 340
565 343
566 346
568 349
569 352
572 355
574 358
576 361
578 364
581 367
584 369
587 372
590 375
593 377
596 379
599 381
602 383
605 384
608 386
611 387
614 388
617 389
620 390
623 390
626 390
629 390
632 390
635 390
638 390
641 390
644 390
647 390
650 390
653 390
656 390
659 390